7 3 4 5 2 1 6 8 9 
6 8 9 3 4 7 1 5 2 
1 5 2 8 9 6 7 3 4 
4 7 3 2 1 5 9 6 8 
9 6 8 4 7 3 2 1 5 
2 1 5 9 6 8 4 7 3 
3 4 7 1 5 2 8 9 6 
8 9 6 7 3 4 5 2 1 
5 2 1 6 8 9 3 4 7 
------- 0 -------
5 2 8 4 9 6 3 1 7 
3 1 7 2 8 5 6 4 9 
6 4 9 1 7 3 5 2 8 
8 5 2 9 6 4 7 3 1 
7 3 1 8 5 2 9 6 4 
9 6 4 7 3 1 8 5 2 
2 8 5 6 4 9 1 7 3 
1 7 3 5 2 8 4 9 6 
4 9 6 3 1 7 2 8 5 
------- 0 -------
7 5 1 8 6 2 9 3 4 
8 6 2 9 3 4 7 5 1 
9 3 4 7 5 1 8 6 2 
1 7 5 2 8 6 4 9 3 
2 8 6 4 9 3 1 7 5 
4 9 3 1 7 5 2 8 6 
5 1 7 6 2 8 3 4 9 
6 2 8 3 4 9 5 1 7 
3 4 9 5 1 7 6 2 8 
------- 0 -------
